%YAML:1.0
---
A0: -0.01615      # 字母越多弹速越高
B0: 0.1436
C0: 0.6576
D0: 0.3003

A1: 0.00184
B1: -0.01981
C1: 0.09418
D1: -0.08036

AA0: -0.02924
BB0: 0.1976
CC0: 0.7411
DD0: 0.1415

AA1: 0.0006195
BB1: -0.006987
CC1: 0.0451
DD1: -0.04168

AAA0: -0.01724
BBB0: 0.1079
CCC0: 0.8708
DDD0: 0.1133

AAA1: 0.00138
BBB1: -0.01428
CCC1: 0.05865
DDD1: -0.0792
