%YAML:1.0
---
# distance = A * X^3 + B * X^2 + C * X + D
# delta_pitch = A * X^3 + B * X^2 + C * X + D
A0: 0.007428      # 字母越多弹速越高
B0: -0.09129
C0: 1.281
D0: -0.209

A1: 0.001635
B1: -0.0178
C1: 0.09822
D1: -0.1122

AA0: -0.02924
BB0: 0.1976
CC0: 0.7411
DD0: 0.1415

AA1: 0.0006195
BB1: -0.006987
CC1: 0.0451
DD1: -0.04168

AAA0: -0.01724
BBB0: 0.1079
CCC0: 0.8708
DDD0: 0.1133

AAA1: 0.00138
BBB1: -0.01428
CCC1: 0.05865
DDD1: -0.0792
