%YAML:1.0
---
P_XZ_NOISE: 9.2499999999999999e-02
P_Y_NOISE: 8.0699999999999994e-02
P_X_SPEED_NOISE: 3.6409999999999998e-01
P_Y_SPEED_NOISE: 3.6409999999999998e-01
P_X_ACCELERATION_NOISE: 1.2787999999999999e+00
P_Y_ACCELERATION_NOISE: 1.2787999999999999e+00
M_X_NOISE: 8.0600000000000005e-02
M_Y_NOISE: 6.9099999999999995e-02
M_Z_NOISE: 800.
SHOOT_DELAY: 1.6550000000000001e-01
