%YAML:1.0
---
P_XYZ_NOISE: 1.0000000000000000e-02
P_XY_SPEED_NOISE: 100.
M_XY_NOISE: 1.
M_Z_NOISE: 8.0000000000000000e+02
