%YAML:1.0
---
HV_003_C28MMF28:
  IntrinsicMatrix: !!opencv-matrix
    rows: 3
    cols: 3
    dt: d
    data: [ 7.099499230577886e+02, 0.,                    3.531733591977988e+02,
            0.,                    7.122150471752848e+02, 2.459509405399428e+02,
            0.,                    0.,                    1. ]
  DistortionMatrix: !!opencv-matrix
    rows: 1
    cols: 5
    dt: d
    data: [ -0.412957141272019, 0.354796371559034, 0.003256918115724, 5.027102674414904e-04, -0.352386933280435 ]

HV_003_C60MMF28:
  IntrinsicMatrix: !!opencv-matrix
    rows: 3
    cols: 3
    dt: d
    data: [ 1236.0726788826739266, 0.0000000000000000,    367.0295503016810130,
            0.0000000000000000,    1240.6022607915517710, 271.0956856209880357,
            0.0000000000000000,    0.0000000000000000,    1.0000000000000000 ]
  DistortionMatrix: !!opencv-matrix
    rows: 1
    cols: 5
    dt: d
    data: [ -0.1733605631476741, 1.9823103800142388, 0.0049412358015428, 0.0121881282659369, -21.4508145556821290 ]

HV_003_C28_120MMF28_HV_00D27551311:
  IntrinsicMatrix: !!opencv-matrix
    rows: 3
    cols: 3
    dt: d
    data: [ 3200.6374661812469640,14.5181718685969496,  860.5781065352001633 ,
            0.0000000000000000, 3184.8098282181854302,741.7016189703440432 ,
            0.0000000000000000,   0.0000000000000000,   1.0000000000000000  ]
  DistortionMatrix: !!opencv-matrix
    rows: 1
    cols: 5
    dt: d
    data: [ -0.4057835845345297,-0.5740882956135507,0.0017466883761172, -0.0019865709226647, 9.6638352767389151 ]

DH_139_210U3C_40_120MMF28_02:
  IntrinsicMatrix: !!opencv-matrix
    rows: 3
    cols: 3
    dt: d
    data: [ 1257.7511229075278152 ,0.0000000000000000 ,646.6238672294215348,
              0.0000000000000000 ,1260.8033661269930690, 519.8464752195502570,
              0.0000000000000000 ,0.0000000000000000 ,1.0000000000000000  ]
  DistortionMatrix: !!opencv-matrix
    rows: 1
    cols: 5
    dt: d
    data: [ -0.0859401675946587 ,0.2097157332824912, 0.0019454890098718, -0.0015487097231682 ,-0.3105723325766189]

DH_139_210U3C_40_120MMF28_01:
  IntrinsicMatrix: !!opencv-matrix
    rows: 3
    cols: 3
    dt: d
    data: [ 1586.7086356291990796, 0.0000000000000000,   668.7258271073583273,
            0.0000000000000000  , 1581.6258930542317103,515.5385572632333151 ,
            0.0000000000000000  , 0.0000000000000000,   1.0000000000000000 ]
  DistortionMatrix: !!opencv-matrix
    rows: 1
    cols: 5
    dt: d
    data: [ -0.4241627180211447, 0.4086876468576249, -0.0008650592898678, -0.0020430841647088, -0.7767864223089808 ]


HV_003_C28_120MMF28:
  IntrinsicMatrix: !!opencv-matrix
    rows: 3
    cols: 3
    dt: d
    data: [ 2146.3237702013748276, -4.7298084909345004,    259.0545786908769514,
            0.0000000000000000,    2153.8193923560352232, 337.4720006379671986,
            0.0000000000000000,    0.0000000000000000,    1.0000000000000000 ]
  DistortionMatrix: !!opencv-matrix
    rows: 1
    cols: 5
    dt: d
    data: [ -0.2423752381702350,-10.7301699028878446,-0.0018244306020202, 0.0035452492592046, 212.6967712435532576 ]

HV_016_C18_60MMF28:
  IntrinsicMatrix: !!opencv-matrix
    rows: 3
    cols: 3
    dt: d
    data: [ 1780.1114910932869861 , 0.0000000000000000,  734.0688849002672214 ,
            0.0000000000000000  , 1785.5950345964326971,562.2799651937008321  ,
            0.0000000000000000  , 0.0000000000000000,   1.0000000000000000 ]
  DistortionMatrix: !!opencv-matrix
    rows: 1
    cols: 5
    dt: d
    data: [ -0.0907233845011166, 0.1854046832689678,-0.0014741513841797, 0.0000305243667359 ,-0.4551293504613830 ]

HV_SHANGHAI_TECH:
  IntrinsicMatrix: !!opencv-matrix
    rows: 3
    cols: 3
    dt: d
    data: [ 1243.7997954539691818 , 0.0000000000000000,  613.9624553450165649 ,
            0.0000000000000000  , 1247.4353408921167556 ,535.5252213532747874 ,
            0.0000000000000000  , 0.0000000000000000,   1.0000000000000000 ]
  DistortionMatrix: !!opencv-matrix
    rows: 1
    cols: 5
    dt: d
    data: [ -0.1415571821465888,-0.0378915530537402,0.0040349769953871, -0.0045230545110801 ,0.8866851274004303 ]
