%YAML:1.0
---
HV_003_C28MMF28:
  IntrinsicMatrix: !!opencv-matrix
    rows: 3
    cols: 3
    dt: d
    data: [ 7.099499230577886e+02, 0.,                    3.531733591977988e+02,
            0.,                    7.122150471752848e+02, 2.459509405399428e+02,
            0.,                    0.,                    1. ]
  DistortionMatrix: !!opencv-matrix
    rows: 1
    cols: 5
    dt: d
    data: [ -0.412957141272019, 0.354796371559034, 0.003256918115724, 5.027102674414904e-04, -0.352386933280435 ]

HV_003_C60MMF28:
  IntrinsicMatrix: !!opencv-matrix
    rows: 3
    cols: 3
    dt: d
    data: [ 1236.0726788826739266, 0.0000000000000000,    367.0295503016810130,
            0.0000000000000000,    1240.6022607915517710, 271.0956856209880357,
            0.0000000000000000,    0.0000000000000000,    1.0000000000000000 ]
  DistortionMatrix: !!opencv-matrix
    rows: 1
    cols: 5
    dt: d
    data: [ -0.1733605631476741, 1.9823103800142388, 0.0049412358015428, 0.0121881282659369, -21.4508145556821290 ]

HV_003_C28_120MMF28_HV_00D27551311:
  IntrinsicMatrix: !!opencv-matrix
    rows: 3
    cols: 3
    dt: d
    data: [ 1686.3043591083762749,  0.0000000000000000,   323.2452854082528688,
            0.0000000000000000,    1691.5128492290789382, 268.3458747105775046,
            0.0000000000000000,    0.0000000000000000,   1.0000000000000000 ]
  DistortionMatrix: !!opencv-matrix
    rows: 1
    cols: 5
    dt: d
    data: [ -0.4413368323536051, 0.5508759375026033, -0.0002939238660440, -0.0006016476378103, -6.1424296355245520 ]

DH_139_210U3C_40_120MMF28_02:
  IntrinsicMatrix: !!opencv-matrix
    rows: 3
    cols: 3
    dt: d
    data: [ 1225.5989884943771813, 0.0000000000000000,  619.9481324613246898 ,
            0.0000000000000000  , 1220.2384708358890748, 510.21780959132763669,
            0.0000000000000000  , 0.0000000000000000,   1.0000000000000000 ]
  DistortionMatrix: !!opencv-matrix
    rows: 1
    cols: 5
    dt: d
    data: [ -0.0872320684586681, 0.2374381600252270,  -0.0001142381212212,-0.0020814424161095,-0.2252475166632865 ]

DH_139_210U3C_40_120MMF28_01:
  IntrinsicMatrix: !!opencv-matrix
    rows: 3
    cols: 3
    dt: d
    data: [ 1586.7086356291990796, 0.0000000000000000,   668.7258271073583273,
            0.0000000000000000  , 1581.6258930542317103,515.5385572632333151 ,
            0.0000000000000000  , 0.0000000000000000,   1.0000000000000000 ]
  DistortionMatrix: !!opencv-matrix
    rows: 1
    cols: 5
    dt: d
    data: [ -0.4241627180211447, 0.4086876468576249, -0.0008650592898678, -0.0020430841647088, -0.7767864223089808 ]


HV_003_C28_120MMF28:
  IntrinsicMatrix: !!opencv-matrix
    rows: 3
    cols: 3
    dt: d
    data: [ 1767.5287527028440309, 0.0000000000000000,   770.3173046756288613,
            0.0000000000000000  , 1772.2160613633059256,558.7898508392464691 ,
            0.0000000000000000  , 0.0000000000000000,   1.0000000000000000 ]
  DistortionMatrix: !!opencv-matrix
    rows: 1
    cols: 5
    dt: d
    data: [-0.0882013485728103, 0.1599975537085510, 0.0013407106641993, -0.0003050652795256, -0.1313952990267374 ]

HV_016_C18_60MMF28:
  IntrinsicMatrix: !!opencv-matrix
    rows: 3
    cols: 3
    dt: d
    data: [ 1780.1114910932869861 , 0.0000000000000000,  734.0688849002672214 ,
            0.0000000000000000  , 1785.5950345964326971,562.2799651937008321  ,
            0.0000000000000000  , 0.0000000000000000,   1.0000000000000000 ]
  DistortionMatrix: !!opencv-matrix
    rows: 1
    cols: 5
    dt: d
    data: [ -0.0907233845011166, 0.1854046832689678,-0.0014741513841797, 0.0000305243667359 ,-0.4551293504613830 ]