%YAML:1.0
---
HV_003_C28MMF28:
  IntrinsicMatrix: !!opencv-matrix
    rows: 3
    cols: 3
    dt: d
    data: [ 7.099499230577886e+02, 0.,                    3.531733591977988e+02,
            0.,                    7.122150471752848e+02, 2.459509405399428e+02,
            0.,                    0.,                    1. ]
  DistortionMatrix: !!opencv-matrix
    rows: 1
    cols: 5
    dt: d
    data: [ -0.412957141272019, 0.354796371559034, 0.003256918115724, 5.027102674414904e-04, -0.352386933280435 ]

HV_003_C60MMF28:
  IntrinsicMatrix: !!opencv-matrix
    rows: 3
    cols: 3
    dt: d
    data: [ 1236.0726788826739266, 0.0000000000000000,    367.0295503016810130,
            0.0000000000000000,    1240.6022607915517710, 271.0956856209880357,
            0.0000000000000000,    0.0000000000000000,    1.0000000000000000 ]
  DistortionMatrix: !!opencv-matrix
    rows: 1
    cols: 5
    dt: d
    data: [ -0.1733605631476741, 1.9823103800142388, 0.0049412358015428, 0.0121881282659369, -21.4508145556821290 ]

HV_003_C28_120MMF28_HV_00D27551311:
  IntrinsicMatrix: !!opencv-matrix
    rows: 3
    cols: 3
    dt: d
    data: [ 3108.8554567614019106,  21.4426886974379904,    987.2142618293618170,
            0.0000000000000000,     3093.8176368288814047,  722.4532387608820727,
            0.0000000000000000,     0.0000000000000000,       1.0000000000000000  ]
  DistortionMatrix: !!opencv-matrix
    rows: 1
    cols: 5
    dt: d
    data: [-0.3822741197373066, 0.4540524256532271,-0.0075606613036003, -0.0076891067395611, -1.9250455532011304 ]

DH_139_210U3C_40_120MMF28_02:
  IntrinsicMatrix: !!opencv-matrix
    rows: 3
    cols: 3
    dt: d
    data: [ 1586.7086356291990796, 0.0000000000000000,   668.7258271073583273,
            0.0000000000000000  , 1581.6258930542317103,515.5385572632333151 ,
            0.0000000000000000  , 0.0000000000000000,   1.0000000000000000 ]
  DistortionMatrix: !!opencv-matrix
    rows: 1
    cols: 5
    dt: d
    data: [ -0.4241627180211447, 0.4086876468576249, -0.0008650592898678, -0.0020430841647088, -0.7767864223089808 ]

DH_139_210U3C_40_120MMF28_01:
  IntrinsicMatrix: !!opencv-matrix
    rows: 3
    cols: 3
    dt: d
    data: [ 1228.3847244230132674 ,1.4110911987226944 ,662.2302544544255625,
              0.0000000000000000 ,1233.5026143586933358 ,547.4660353391843728,
              0.0000000000000000 ,0.0000000000000000 ,1.0000000000000000  ]
  DistortionMatrix: !!opencv-matrix
    rows: 1
    cols: 5
    dt: d
    data: [ -0.0945027309191565 ,0.2735025418650743 ,0.0036224806032599 ,0.0012581464880957 ,-0.6151469484995863 ]

HV_003_C28_120MMF28:
  IntrinsicMatrix: !!opencv-matrix
    rows: 3
    cols: 3
    dt: d
    data: [ 1741.7728092873985588, -2.3791057935135123, 789.8964995036807295,
            0.0000000000000000, 1761.3584211532779591, 444.9056058130492488,
            0.0000000000000000, 0.0000000000000000, 1.0000000000000000   ]
  DistortionMatrix: !!opencv-matrix
    rows: 1
    cols: 5
    dt: d
    data: [ -0.0709363765951785, -0.0954597061248760, -0.0112842053437403, 0.0014385070421265, 0.5475996631859511 ]

HV_016_C18_60MMF28:
  IntrinsicMatrix: !!opencv-matrix
    rows: 3
    cols: 3
    dt: d
    data: [ 1780.1114910932869861 , 0.0000000000000000,  734.0688849002672214 ,
            0.0000000000000000  , 1785.5950345964326971,562.2799651937008321  ,
            0.0000000000000000  , 0.0000000000000000,   1.0000000000000000 ]
  DistortionMatrix: !!opencv-matrix
    rows: 1
    cols: 5
    dt: d
    data: [ -0.0907233845011166, 0.1854046832689678,-0.0014741513841797, 0.0000305243667359 ,-0.4551293504613830 ]

HV_SHANGHAI_TECH:
  IntrinsicMatrix: !!opencv-matrix
    rows: 3
    cols: 3
    dt: d
    data: [ 1243.7997954539691818 , 0.0000000000000000,  613.9624553450165649 ,
            0.0000000000000000  , 1247.4353408921167556 ,535.5252213532747874 ,
            0.0000000000000000  , 0.0000000000000000,   1.0000000000000000 ]
  DistortionMatrix: !!opencv-matrix
    rows: 1
    cols: 5
    dt: d
    data: [ -0.1415571821465888,-0.0378915530537402,0.0040349769953871, -0.0045230545110801 ,0.8866851274004303 ]

HV_003_C28_120MMF28_HV_00E98431546:
  IntrinsicMatrix: !!opencv-matrix
    rows: 3
    cols: 3
    dt: d
    data: [ 1739.3207204250188624 , -2.3176609001452544,767.8059318630291727 ,
            0.0000000000000000  , 1748.4479598968930532 ,606.3782250497833957 ,
            0.0000000000000000  , 0.0000000000000000,   1.0000000000000000 ]
  DistortionMatrix: !!opencv-matrix
    rows: 1
    cols: 5
    dt: d
    data: [ -0.0699927405869026,-0.0340586460418736,0.0043143165648591,-0.0004610740249040  ,0.3449221988218153 ]
