%YAML:1.0
---

DH_KE0210010101:
  SN: "KE0210010101"
  TYPE: "DHCamera"
  CONFIG: "../config/cameras/KE0210010101.txt"
  LEN: "DH_139_210U3C_40_120MMF28"

DH_KE0210010102:
  SN: "KE0210010102"
  TYPE: "DHCamera"
  CONFIG: "../config/cameras/KE0210010102.txt"
  LEN: "DH_139_210U3C_40_120MMF28"

HV_00F02724098:
  SN: "00F02724098"
  TYPE: "HikCamera"
  CONFIG: "../config/cameras/MV-CA003-21UC_00F02724098.mfs"
  LEN: "HV_003_C28_120MMF28"

HV_00D59818552:
  SN: "00D59818552"
  TYPE: "HikCamera"
  CONFIG: "../config/cameras/MV-CA003-21UC_00D59818552.mfs"
  LEN: "HV_003_C60MMF28"

HV_00D27551311:
  SN: "00D27551311"
  TYPE: "HikCamera"
  CONFIG: "../config/cameras/MV-CA016-10UC_00D27551311.mfs"
  LEN: "HV_003_C28_120MMF28"

HV_00D27551310:
  SN: "00D27551310"
  TYPE: "HikCamera"
  CONFIG: "../config/cameras/MV-CA016-10UC_00D27551310.mfs"
  LEN: "HV_003_C18_60MMF28"