%YAML:1.0
---
HV_003_C28MMF28:
  IntrinsicMatrix: !!opencv-matrix
    rows: 3
    cols: 3
    dt: d
    data: [ 7.099499230577886e+02, 0.,                    3.531733591977988e+02,
            0.,                    7.122150471752848e+02, 2.459509405399428e+02,
            0.,                    0.,                    1. ]
  DistortionMatrix: !!opencv-matrix
    rows: 1
    cols: 5
    dt: d
    data: [ -0.412957141272019, 0.354796371559034, 0.003256918115724, 5.027102674414904e-04, -0.352386933280435 ]

HV_003_C60MMF28:
  IntrinsicMatrix: !!opencv-matrix
    rows: 3
    cols: 3
    dt: d
    data: [ 1236.0726788826739266, 0.0000000000000000,    367.0295503016810130,
            0.0000000000000000,    1240.6022607915517710, 271.0956856209880357,
            0.0000000000000000,    0.0000000000000000,    1.0000000000000000 ]
  DistortionMatrix: !!opencv-matrix
    rows: 1
    cols: 5
    dt: d
    data: [ -0.1733605631476741, 1.9823103800142388, 0.0049412358015428, 0.0121881282659369, -21.4508145556821290 ]

HV_003_C28_120MMF28:
  IntrinsicMatrix: !!opencv-matrix
    rows: 3
    cols: 3
    dt: d
    data: [ 1686.3043591083762749,  0.0000000000000000,   323.2452854082528688,
            0.0000000000000000,    1691.5128492290789382, 268.3458747105775046,
            0.0000000000000000,    0.0000000000000000,   1.0000000000000000 ]
  DistortionMatrix: !!opencv-matrix
    rows: 1
    cols: 5
    dt: d
    data: [ -0.4413368323536051, 0.5508759375026033, -0.0002939238660440, -0.0006016476378103, -6.1424296355245520 ]

DH_139_210U3C_40_120MMF28:
  IntrinsicMatrix: !!opencv-matrix
    rows: 3
    cols: 3
    dt: d
    data: [ 910.0782303057334275, 0.0000000000000000,   635.1134854866376145,
            0.0000000000000000  , 912.6038977317517720, 507.1623753170591726,
            0.0000000000000000  , 0.0000000000000000,   1.0000000000000000 ]
  DistortionMatrix: !!opencv-matrix
    rows: 1
    cols: 5
    dt: d
    data: [ -0.4440201617254821, 0.3076080836414296, 0.0008054975266480, 0.0010164330236611, -0.1409935271658500 ]

HV_003_C18_60MMF28:
  IntrinsicMatrix: !!opencv-matrix
    rows: 3
    cols: 3
    dt: d
    data: [ 1784.2982454023738228, 0.0000000000000000,  735.5190086980259139 ,
            0.0000000000000000  , 1789.4082477730839855, 569.3538050362000149,
            0.0000000000000000  , 0.0000000000000000,   1.0000000000000000 ]
  DistortionMatrix: !!opencv-matrix
    rows: 1
    cols: 5
    dt: d
    data: [ -0.1018868291300451, 0.2291942782436510, -0.0002654064213114, 0.0008250875130021, -0.2543618758168557 ]
