%YAML:1.0
---
HV_003_C28MMF28:
  IntrinsicMatrix: !!opencv-matrix
    rows: 3
    cols: 3
    dt: d
    data: [ 7.099499230577886e+02, 0.,                    3.531733591977988e+02,
            0.,                    7.122150471752848e+02, 2.459509405399428e+02,
            0.,                    0.,                    1. ]
  DistortionMatrix: !!opencv-matrix
    rows: 1
    cols: 5
    dt: d
    data: [ -0.412957141272019, 0.354796371559034, 0.003256918115724, 5.027102674414904e-04, -0.352386933280435 ]

HV_003_C60MMF28:
  IntrinsicMatrix: !!opencv-matrix
    rows: 3
    cols: 3
    dt: d
    data: [ 1236.0726788826739266, 0.0000000000000000,    367.0295503016810130,
            0.0000000000000000,    1240.6022607915517710, 271.0956856209880357,
            0.0000000000000000,    0.0000000000000000,    1.0000000000000000 ]
  DistortionMatrix: !!opencv-matrix
    rows: 1
    cols: 5
    dt: d
    data: [ -0.1733605631476741, 1.9823103800142388, 0.0049412358015428, 0.0121881282659369, -21.4508145556821290 ]

HV_003_C28_120MMF28:
  IntrinsicMatrix: !!opencv-matrix
    rows: 3
    cols: 3
    dt: d
    data: [ 757.3249269426376031,  0.0000000000000000,   324.5634879836188702,
            0.0000000000000000,    759.6927667001923510, 257.9940811923130468,
            0.0000000000000000,    0.0000000000000000,   1.0000000000000000 ]
  DistortionMatrix: !!opencv-matrix
    rows: 1
    cols: 5
    dt: d
    data: [ -0.4455479799779868, 0.5765836892076113, -0.0014233577517305, -0.0003748459926744, -1.2381213965709466 ]

DH_139_210U3C_40_120MMF28:
  IntrinsicMatrix: !!opencv-matrix
    rows: 3
    cols: 3
    dt: d
    data: [ 910.0782303057334275, 0.0000000000000000,   635.1134854866376145,
            0.0000000000000000  , 912.6038977317517720, 507.1623753170591726,
            0.0000000000000000  , 0.0000000000000000,   1.0000000000000000 ]
  DistortionMatrix: !!opencv-matrix
    rows: 1
    cols: 5
    dt: d
    data: [ -0.4440201617254821, 0.3076080836414296, 0.0008054975266480, 0.0010164330236611, -0.1409935271658500 ]
