%YAML:1.0
---
P_XYZ_NOISE: 3.6999999999999998e-02
P_XY_SPEED_NOISE: 2.1725800000000001e+02
M_XY_NOISE: 5.6899999999999995e-01
M_Z_NOISE: 6.7971999999999994e+01
