%YAML:1.0
---
P_XZ_NOISE: 9.2499999999999999e-02
P_Y_NOISE: 7.3400000000000007e-02
P_X_SPEED_NOISE: 3.8835000000000001e+01
P_Y_SPEED_NOISE: 3.7621400000000001e+01
P_X_ACCELERATION_NOISE: 1000
P_Y_ACCELERATION_NOISE: 1000
M_X_NOISE: 2.9949999999999999e-01
M_Y_NOISE: 3.3410000000000001e-01
M_Z_NOISE: 800.
SHOOT_DELAY: 1.1899999999999999e-01
