%YAML:1.0
---
MIN_FAN_AREA: 2800
MAX_FAN_AREA: 4200
MIN_ARMOR_AREA: 600
MAX_ARMOR_AREA: 1200
MIN_R_AREA: 196
MAX_R_AREA: 579
SPLIT_GRAY_THRESH: 65
MIN_ARMOR_WH_RATIO: 4.3350000000000000e-01
MAX_ARMOR_WH_RATIO: 5.7420000000000004e-01
MIN_BOUNDING_BOX_AREA: 5000
MIN_FAN_WH_RATIO: 4.1599999999999998e-01
MAX_FAN_WH_RATIO: 5.8079999999999998e-01
MAX_R_WH_DEVIATION: 5
KERNEL_SIZE: 3
DELTA_U: 50
DELTA_V: 50