%YAML:1.0
---
MIN_FAN_AREA: 1377
MAX_FAN_AREA: 3750
MIN_ARMOR_AREA: 375
MAX_ARMOR_AREA: 1868
MIN_R_AREA: 150
MAX_R_AREA: 621
SPLIT_GRAY_THRESH: 139
MIN_FAN_WH_RATIO: 4.0510000000000002e-01
MAX_FAN_WH_RATIO: 6.3660000000000005e-01
MIN_BOUNDING_BOX_AREA: 3947
MIN_ARMOR_WH_RATIO: 4.0600000000000003e-01
MAX_ARMOR_WH_RATIO: 6.2800000000000000e-01
MAX_R_WH_DEVIATION: 8
KERNEL_SIZE: 3
DELTA_U: 50
DELTA_V: 50
