%YAML:1.0
---
MIN_FAN_AREA: 2200
MAX_FAN_AREA: 2800
MIN_ARMOR_AREA: 400
MAX_ARMOR_AREA: 800
MIN_R_AREA: 180
MAX_R_AREA: 400
SPLIT_GRAY_THRESH: 65
MIN_ARMOR_WH_RATIO: 4.0350000000000000e-01
MAX_ARMOR_WH_RATIO: 5.5420000000000004e-01
MIN_BOUNDING_BOX_AREA: 4000
MIN_FAN_WH_RATIO: 4.1599999999999998e-01
MAX_FAN_WH_RATIO: 5.5079999999999998e-01
MAX_R_WH_DEVIATION: 5
KERNEL_SIZE: 3
DELTA_U: 2029
DELTA_V: 1926