%YAML:1.0
---
MIN_CONTOUR_AREA: 12000
MAX_CONTOUR_AREA: 16000
MIN_ARMOR_AREA: 5000
MAX_ARMOR_AREA: 10000
MIN_R_BOUNDING_BOX_AREA: 800
MAX_R_BOUNDING_BOX_AREA: 3000
SPLIT_GRAY_THRESH: 100
MIN_ARMOR_WH_RATIO: 5.9999999999999998e-01
MAX_ARMOR_WH_RATIO: 7.5000000000000000e-01
MIN_BOUNDING_BOX_WH_RATIO: 4.0000000000000002e-01
MAX_BOUNDING_BOX_WH_RATIO: 5.9999999999999998e-01
MAX_ENCIRCLE_R_RECT_WH_DEVIATION: 10
