%YAML:1.0
---
MIN_FAN_AREA: 1322
MAX_FAN_AREA: 3035
MIN_ARMOR_AREA: 375
MAX_ARMOR_AREA: 1868
MIN_R_AREA: 110
MAX_R_AREA: 414
SPLIT_GRAY_THRESH: 143
MIN_ARMOR_WH_RATIO: 3.8550000000000001e-01
MAX_ARMOR_WH_RATIO: 6.7779999999999996e-01
MIN_BOUNDING_BOX_AREA: 3417
MIN_FAN_WH_RATIO: 4.1649999999999998e-01
MAX_FAN_WH_RATIO: 6.3660000000000005e-01
MAX_R_WH_DEVIATION: 6
KERNEL_SIZE: 3
DELTA_U: 50
DELTA_V: 50
