%YAML:1.0
---
A0: 0.1656      # 字母越多弹速越高
B0: -1.003
C0: 2.973
D0: -1.123

A1: 0.004
B1: -0.02429
C1: 0.06514
D1: -0.0298

AA0: 0.09824
BB0: -0.5675
CC0: 2.037
DD0: -0.5081

AA1: 0.002667
BB1: -0.01343
CC1: 0.04405
DD1: -0.027

AAA0: 1.507
BBB0: -10.49
CCC0: 24.97
DDD0: -17.89

AAA1: -0.02133
BBB1: 0.142
CCC1: -0.2897
DDD1: 0.175