%YAML:1.0
---
RM_CAM_TO_IMU_DATA: !!opencv-matrix
  rows: 3
  cols: 3
  dt: d
  data: [0.996801518,-0.0063853719754,-0.079661432766875828,
         0,0.996801518,-0.0799,
         0.079917046,0.0796444412882,0.993613266287104324]
TM_CAM_TO_IMU_DATA: !!opencv-matrix
  rows: 3
  cols: 1
  dt: d
  data: [ 0,        # TODO checkout this 左右
          0,        #高低
          0 ]       #前后
