%YAML:1.0
---
A0: 0.04482      # 字母越多弹速越高
B0: -0.629
C0: 3.583
D0: -3.162

A1: -0.002822
B1: 0.03121
C1: -0.09612
D1: 0.1507

# 16m/s @ 22/07/09 by lzy
AA0: 0.04482
BB0: -0.629
CC0: 3.583
DD0: -3.162

AA1: -0.002822
BB1: 0.03121
CC1: -0.09612
DD1: 0.1507
# 前哨站
AAA0: -0.06578
BBB0: 0.8388
CCC0: -2.209
DDD0: 3.899

AAA1: 0.0007003
BBB1: -0.009644
CCC1: 0.05898
DDD1: -0.128
