%YAML:1.0
---
SHOOT_DELAY_0cm5M: 1.2500000000000000e-01
SHOOT_DELAY_20cm5M: 1.
SHOOT_DELAY_60cm6M: 8.0600000000000005e-01
DELTA_PITCH_0cm5M: 8.9999999999999993e-03
DELTA_PITCH_20cm5M: 0.01
DELTA_PITCH_60cm6M: 8.9999999999999993e-03.
