%YAML:1.0
---
SHOOT_DELAY_3M: 2.5000000000000001e-01
SHOOT_DELAY_5M: 1.2500000000000000e-01
SHOOT_DELAY_6M: 0.
DELTA_PITCH_UP: 7.0000000000000001e-03
DELTA_PITCH_DOWN: 0.
DELTA_YAW_LEFT: 0.
DELTA_YAW_RIGHT: 0.
