%YAML:1.0
---
SHOOT_DELAY_0cm5M: 1.3000000000000000e-01
SHOOT_DELAY_20cm5M: 2.5000000000000000e-01
SHOOT_DELAY_60cm6M: 8.0800000000000005e-01
DELTA_PITCH_0cm5M: 2.2499999999999999e-02
DELTA_PITCH_20cm5M: 2.1000000000000001e-02
DELTA_PITCH_60cm6M: 3.1500000000000000e-02
