%YAML:1.0
---
A0: 1.515
B0: -1.652
C0: 0
D0: 0

A1: 1.0000000000000001e-02
B1: 3.0000000000000000e-03
C1: 0
D1: 0
