%YAML:1.0
---
A0: 0.3031      # 字母越多弹速越高
B0: -3.767
C0: 16.35
D0: -20.48

A1: 0.01433
B1: -0.1824
C1: 0.8229
D1: -1.075

# 16m/s @ 22/07/09 by lzy
AA0: 0.04482
BB0: -0.629
CC0: 3.583
DD0: -3.162

AA1: -0.002822
BB1: 0.03121
CC1: -0.09612
DD1: 0.1507

AAA0: 0
BBB0: 0
CCC0: 0
DDD0: 0

AAA1: 0
BBB1: 0
CCC1: 0
DDD1: 0
