%YAML:1.0
---
A0: 0.3031      # 字母越多弹速越高
B0: -3.767
C0: 16.35
D0: -20.48

A1: 0.01433
B1: -0.1824
C1: 0.8229
D1: -1.075

AA0: 0.2292
BB0: -3.036
CC0: 14.04
DD0: -18.14

AA1: 0.003093
BB1: -0.03557
CC1: 0.1361
DD1: -0.1091

AAA0: 0
BBB0: 0
CCC0: 0
DDD0: 0

AAA1: 0
BBB1: 0
CCC1: 0
DDD1: 0
